People 0: 
Tresholds = 0.3883208755700616
Centroid = [-0.3080114429758396, -0.27781712100841105, -0.045838139194529504, -0.10518974135629833, -0.4003459439263679, -0.08216356008779258, -0.2662435470847413, -0.35964704875368625, 0.73322814097628, 0.4374160850420594, 0.05317959457170218, 0.23657644633203745, 0.626045920420438, 0.048858934052987024, -0.14113386208191514, -0.011438344256021082, 0.3609985040675383, 0.30080215772613883, -0.12391357054002583, -0.16123568639159203, 0.06720517855137587, 0.11063711543101817, 0.27818710496649146, 0.05384572740877047, 0.5195680605247617, -0.186093466472812, -0.08567606715951115, -0.46025027451105416, -0.30021643943473464, -0.476030207995791, -0.3781884810596239, -0.0870019220164977, -0.24109948007389903, 0.36003764282213524, -0.7038309227209538, -0.8804998375708237, 0.15352173263090663, -0.05376509384950623, 0.08107390208169818, -0.38072984205791727, 0.2610812010243535, -0.18667995667783543, -0.0342431464814581, -0.21104679559357464, -0.12199722434161231, 0.00501196039840579, -0.16190353280398995, -0.34844369112397544, 0.4448103467002511, 0.3100535564008169, -0.10992772970348597, -0.36708637041738257, -0.7584268813952804, -0.28192068520002067, 0.19798666762653738, 0.2569895228371024, 0.579156365711242, -0.14219791976574925, 0.11069124797359109, 0.4022672360588331, -0.17319955298444256, -0.09802267659688368, 0.030714842665474862, 0.064505538350204]

People 1: 
Tresholds = 0.34047345546074215
Centroid = [-0.22861512753297575, -0.19975416772649623, -0.07285192987183109, -0.10892923595383763, -0.31453013951249886, 0.044927986222319305, -0.2952149462653324, -0.35393912030849606, 0.7201355989091098, 0.3603443817119114, 0.045292276656255126, 0.2442532415734604, 0.6681814240291715, -0.03823722864035517, -0.12502164603210986, 0.03536945965606719, 0.3563228971033823, 0.26121230563148856, -0.022927447804249823, -0.22151298337848857, -0.059014553437009454, 0.08216915640514344, 0.21253420296125114, 0.08675205637700856, 0.5179504067637026, -0.023411173024214804, 0.01923562365118414, -0.4058736535953358, -0.28472368587972596, -0.37729981588199735, -0.28624783613486215, -0.18210586329223588, -0.3801136170513928, 0.31797643611207604, -0.5888833464123309, -0.7424107580445707, 0.04063955997116864, -0.05393402877962217, 0.3047353981528431, -0.45256608264753595, 0.2231837118160911, -0.3014123635366559, -0.08636547639616765, -0.21674179937690496, -0.14192853664280847, -0.017607784131541848, -0.08243380120256916, -0.3603972410201095, 0.40191684500314295, 0.1785547499312088, -0.027293833205476403, -0.21365684719057754, -0.7976309153018519, -0.24678576271981, 0.0311455957707949, 0.19843350059818476, 0.6376156453043222, -0.14553339700796641, 0.0743362686916953, 0.4557408615073655, -0.18510314129525796, -0.13960782857611775, 0.12769288365961984, 0.006005544011713937]

People 2: 
Tresholds = 0.46220770860963967
Centroid = [-0.32682648953050375, -0.28955804265569896, -0.052221836580429226, -0.10412177862599492, -0.39755736362712923, 0.021874020050745457, -0.2592877050046809, -0.3450303212739527, 0.716845793183893, 0.38475375820416957, 0.016482149716466665, 0.3168838986894116, 0.6553249354474247, 0.04195389320375398, -0.16052571329419152, -0.006940835213754326, 0.3955043361929711, 0.3477956405840814, -0.13770434277830645, -0.32259185262955725, -0.022606468060985208, 0.06005885032936931, 0.253272955538705, 0.07753826538100839, 0.5478590305428952, -0.08820422028657049, -0.03129534271283774, -0.5829674025299028, -0.31866519642062485, -0.38479215394181665, -0.327704637311399, -0.15080912580015138, -0.34181416529463604, 0.3070056912256405, -0.6518995403312147, -0.8530372739769518, 0.062457836349494755, -0.06509359233314171, 0.24674072512425482, -0.38907890586415306, 0.1628522671526298, -0.26176095361006446, -0.1321283862052951, -0.25758174271322787, -0.11507310264278203, 2.4107052013278008e-05, -0.1810786806163378, -0.4010533515829593, 0.3335109635954723, 0.30653582932427526, -0.0374090694822371, -0.24666599254123867, -0.7415352836251259, -0.26982519030570984, 0.04199884089757688, 0.3362422806676477, 0.6161423193989322, -0.18096554948715493, 0.135266003315337, 0.4145071169186849, -0.1916661855066195, -0.22192347364034504, 0.08083600900135934, 0.07993557213922031]

People 3: 
Tresholds = 0.3411954601138132
Centroid = [-0.18076649920112686, -0.23234123960719444, -0.08122417592676356, -0.021405481500551105, -0.31587229065189604, -0.000851283548399806, -0.2651752848760225, -0.35977420897688717, 0.6907133371569216, 0.38080830677063204, -0.03283957112580538, 0.22670130507322028, 0.7175170392729342, 0.01876305104815401, -0.1644950828049332, 0.14921380346640944, 0.3367210010183044, 0.2961698826402426, -0.1430805798736401, -0.2600047916639596, 0.002015831516473554, 0.02196919301059097, 0.28273532376624644, 0.008424135157838464, 0.5506344889290631, -0.10799366503488272, -0.058548057910229545, -0.45098573656287044, -0.26925329910591245, -0.4351814731489867, -0.29848881118232384, -0.06896953796967864, -0.30937540892045945, 0.35608370433328673, -0.6592699417378753, -0.7870703735388815, 0.010153663228265941, -0.05548824218567461, 0.26341058290563524, -0.46138205006718636, 0.19072154094465077, -0.22787028271704912, -0.03877901172381826, -0.2564018741250038, -0.1809479602961801, 0.06796422391198575, -0.15081885177642107, -0.18875931476941332, 0.3395714070647955, 0.2078597703948617, -0.13105355808511376, -0.274821970553603, -0.7097724298946559, -0.22470105485990644, 0.18293718414497562, 0.2364399748039432, 0.6432581222616136, -0.1324376709999342, 0.10594399223919027, 0.2514640959270764, -0.21220495033776388, -0.0747936112456955, 0.10786308633396402, 0.044669955474091694]

People 4: 
Tresholds = 0.42976108751725406
Centroid = [-0.26482718499028124, -0.2881751725508366, -0.043743531801737845, -0.07207925943657756, -0.23191195674007758, -0.06944748642854393, -0.284459441783838, -0.33963305596262217, 0.6392476877663285, 0.38966379628982395, 0.000465469085611403, 0.21571139126899652, 0.5679763063926657, -0.007101599738234654, -0.17470467532984912, -0.0019788670470006764, 0.34236449451418594, 0.2756435568444431, -0.23458335298346356, -0.14106842101318762, 0.020019285613670945, 0.12640316621400416, 0.24191967374645174, -0.007387753663351759, 0.49104730505496264, -0.11298833857290447, -0.08030463824979961, -0.4871267699636519, -0.27819140278734267, -0.4240408868645318, -0.3358367128530517, 0.0037463753833435476, -0.21234146074857563, 0.4113015014481789, -0.645058696391061, -0.8588816290721297, 0.06576920941006392, -0.18852970522129908, 0.22080595570150763, -0.33018121984787285, 0.14373161477851681, -0.27839940693229437, 0.026559808989986777, -0.17034084151964635, -0.14395134325604886, -0.006828770972788334, -0.16893535759299994, -0.2607818227261305, 0.4098316221497953, 0.24014441343024373, -0.11919188871979713, -0.3270331884268671, -0.7133118310011923, -0.25204785261303186, 0.15918958678958006, 0.13556148041971028, 0.6695905663073063, -0.10306167491944507, 0.033274280809564516, 0.3263734386418946, -0.18007344409124926, -0.14009885059203953, 0.08269443706376478, 0.05359627230791375]

People 5: 
Tresholds = 0.37483666063228155
Centroid = [-0.2300544826721307, -0.2500524180359207, -0.030032791546545923, -0.06430166820064187, -0.33224332169629633, 0.03564963361714035, -0.19431038986658677, -0.16098593722563237, 0.6601517065428197, 0.3962002057232894, 0.04623855266254395, 0.24607635935535654, 0.5714196753688157, -0.005067125457571819, -0.10767139296513051, -0.028384848206769675, 0.3262214755814057, 0.2832280087750405, -0.06515083619160578, -0.255871394299902, -0.11646060158091132, -0.032796925865113735, 0.22159663145430386, 0.07047705806326121, 0.5894655305892229, -0.11290445644408464, -0.11976153076830087, -0.45245788141619414, -0.31388821080327034, -0.4168446456314996, -0.3663251050747931, -0.107967569376342, -0.3174596060998738, 0.3172533109318465, -0.6735268416814506, -0.8891607481054962, 0.11139645843650214, -0.03209377505118027, 0.2316479696892202, -0.4403904085047543, 0.2533029815531336, -0.2665977756259963, -0.05404614334111102, -0.24226667871698737, -0.10422168835066259, -0.005596619797870517, -0.13448603177675977, -0.31301505165174603, 0.3645342788659036, 0.16284672502661124, -0.09603252820670605, -0.2794009004137479, -0.6917862854897976, -0.22763843066059053, 0.12336046161362901, 0.2813042874331586, 0.6538121094927192, -0.12615904900667374, 0.13021474401466548, 0.35715953493490815, -0.19115572643931955, -0.10131454607471824, 0.12199218670139089, 0.05160335294203833]

People 6: 
Tresholds = 0.44362692788476127
Centroid = [-0.3081019015517086, -0.22511325654340908, -0.08602325397077948, -0.07165745343081653, -0.3317843995318981, -0.005219936196226627, -0.26267752633430064, -0.4761419394053519, 0.7213920326903462, 0.3586407757829875, 0.05800232652109116, 0.213645883690333, 0.6244859685830306, 0.044245200348086655, -0.13413269934244454, 0.06219885515747592, 0.42759886564454064, 0.25336456997320056, -0.10010039998451248, -0.21515122277196497, -0.006398360026651062, -0.014252641936764121, 0.1707732289796695, 0.045391853083856404, 0.5086878661531955, -0.0946388466982171, -0.07359555445145816, -0.5294105616630986, -0.2793894408387132, -0.44469309132546186, -0.28833668667357415, -0.14487198198912665, -0.25601226021535695, 0.2974835545755923, -0.7175995917059481, -0.8915609456598759, 0.0452367510588374, -0.019715771020855755, 0.29466739390045404, -0.44795333268120885, 0.2640207882213872, -0.239523896278115, -0.057947439898271114, -0.22521009156480432, -0.16801323689287528, 0.06520839617587626, -0.19935696345055476, -0.26091192101011984, 0.38398910663090646, 0.25764775928109884, -0.08134306082502007, -0.2690770460758358, -0.7279746046988294, -0.2589893782278523, 0.11257596139330417, 0.14603604219155386, 0.6426452146843076, -0.1345728311862331, 0.08142152310756501, 0.4069573162123561, -0.20822432939894497, -0.13061440561432391, 0.05184896994614974, 0.07545775780454278]

People 7: 
Tresholds = 0.44500456082751044
Centroid = [-0.2579624983482063, -0.24538619408849627, -0.014286374498624355, 0.0016162581741809845, -0.3564243656146573, -0.03030628536362201, -0.3640068068052642, -0.38774426199961454, 0.7241965141147375, 0.4185050072846934, 0.06224774708971381, 0.13487867833464406, 0.6425753796938807, 0.041674710024381056, -0.13288837275467813, 0.056136916391551495, 0.2598259747028351, 0.26601218432188034, -0.15262271917890757, -0.22368886636104435, -0.01565967663191259, 0.04667084640823305, 0.41791824786923826, -0.001786241540685296, 0.519235217012465, -0.2286258132662624, -0.10726176108437357, -0.5419497909024358, -0.3193932182621211, -0.5010779226286104, -0.37062865553889424, -0.17881846585078165, -0.2157759889960289, 0.4166576722636819, -0.728503911770531, -0.827013524249196, 0.04805092696915381, -0.08947651140624657, 0.19070516643114388, -0.41105836973292753, 0.2509891679510474, -0.31940793528337963, 0.04393582860939205, -0.19711249659303576, -0.13474036025581881, -0.04856189386919141, -0.09142928646178916, -0.361808516056044, 0.29203379550017416, 0.2471284723142162, -0.11223195109050721, -0.2996974131674506, -0.7234180252999067, -0.2142891783732921, 0.1974627479503397, 0.31758843222633004, 0.6923759090714157, -0.12615400028880686, 0.16654071770608425, 0.41381241189083084, -0.23249183292500675, -0.1671000001952052, 0.021286492934450507, 0.059449558320920914]

People 8: 
Tresholds = 0.28080582541238985
Centroid = [-0.26063321699621156, -0.2320403568155598, -0.04448004451114684, -0.053481587674468756, -0.17985269328346476, 0.04086798976641148, -0.2769716398906894, -0.3542170060100034, 0.6509366943500936, 0.428937716409564, 0.06047081737779081, 0.2283873394189868, 0.6130977349821478, -0.0535493124043569, -0.10170835221651942, 0.03305338299833238, 0.3355617597408127, 0.3034632185008377, -0.053516255982685834, -0.3063394915079698, -0.13090694045240525, 0.1852667813654989, 0.2813072307035327, 0.0584470615722239, 0.5332072745077312, -0.1372902526636608, -0.07391439098864794, -0.5193714674096555, -0.24649462127126753, -0.3572326277499087, -0.3111858299234882, -0.10900731105357409, -0.32067553931847215, 0.435404445277527, -0.729343933518976, -0.9266721401363611, 0.021875023376196623, -0.08672145573655143, 0.2549499801825732, -0.36473170563112944, 0.2421157906355802, -0.16135473304893821, -0.1449614239973016, -0.176114272326231, -0.0781785502913408, -0.05609729909338057, -0.04606292606331408, -0.2746070035500452, 0.2955867147538811, 0.2217269823886454, -0.17596982279792428, -0.25261860236059874, -0.6763286446221173, -0.12111510243266821, 0.17309673980344087, 0.25265048374421895, 0.6819952051155269, -0.0736266008207167, 0.18426810030359775, 0.4304786301217973, -0.1677034063031897, -0.19262052874546498, 0.12056188279530033, 0.004945700580719858]

People 9: 
Tresholds = 0.4717912629316561
Centroid = [-0.355026619596174, -0.36672077770344913, -0.0901935140718706, -0.054278201423585415, -0.35890830612333957, 0.03489362704567611, -0.208557364938315, -0.3960348755354062, 0.7608508907724172, 0.45596825575921685, 0.010900172404944897, 0.19017808052012697, 0.5622172739676898, -0.009754218102898449, -0.15631195961032063, 0.03049822704633698, 0.3903123397612944, 0.3596560792066157, -0.16738167684525251, -0.22292653465410694, 0.09722006996162236, 0.02309512533247471, 0.2738038084935397, 0.07739803424919955, 0.47130035306327045, -0.27113324753008783, -0.090605792356655, -0.42483194591477513, -0.32531588737037964, -0.4117360757518327, -0.3066700561612379, -0.02803887170739472, -0.19674628204666078, 0.3795253815478645, -0.7469302816316485, -0.8753660720540211, 0.0536473777028732, -0.06818938511423767, 0.2251742307562381, -0.39033687370829284, 0.23496416918351315, -0.19224767925334163, -0.04030508396681398, -0.26384902303107083, -0.16735355777200311, -7.697718683630228e-05, -0.262022954702843, -0.3347966452129185, 0.38581783697009087, 0.24761602212674916, -0.15924679825548083, -0.35726689122384414, -0.8000763584859669, -0.2794456649571657, 0.2376518292876426, 0.30197645182488486, 0.6144005950773135, -0.19181726773967966, 0.09023127736872993, 0.45164321083575487, -0.24592776165809482, -0.14569420006591827, 0.08478775259573013, -0.03230218272074126]

People 10: 
Tresholds = 0.4159092344879173
Centroid = [-0.26239977975637885, -0.2599263178999536, -0.04564647993538529, -0.03205583384260535, -0.370696098980261, 0.0010764992330223322, -0.19395385694224387, -0.33111038675997406, 0.7493034359067678, 0.3820506177144125, 0.07341727975290269, 0.22912229603389278, 0.6028130105696619, -0.013524435053113848, -0.18415964650921524, 0.00693587283603847, 0.34258283395320177, 0.2877632970921695, -0.10430724750040099, -0.1648186277016066, -0.020014744717627764, 0.05315977754071355, 0.2012392197502777, 0.09918361375457607, 0.4834872566862032, -0.21041233488358557, -0.1086098623854923, -0.4918602677062154, -0.3446105802722741, -0.4595073320087977, -0.3780078859999776, -0.11667746189050376, -0.22303573926910758, 0.25250572827644646, -0.6286043934524059, -0.9030824359506369, 0.06595530005870387, -0.050157495483290404, 0.3049098898191005, -0.39618646627059206, 0.22393550441483967, -0.13808368146419525, -0.0971658421040047, -0.2387826656922698, -0.13331756013212726, -0.03466564789414406, -0.21294070332078263, -0.35095292259939015, 0.40171622997149825, 0.2550927579868585, -0.16147599439136684, -0.28198777337092906, -0.6993224994512275, -0.2330443204846233, 0.18131289741722867, 0.25462901074206457, 0.651924863923341, -0.17103208166372497, 0.15629840464680456, 0.3333607923705131, -0.22993067518109456, -0.121271742740646, 0.03806947119301185, 0.1660612444684375]

People 11: 
Tresholds = 0.2770780894346535
Centroid = [-0.19481881795218214, -0.26901552150957286, -0.049815681006293744, -0.07155900355428457, -0.39061281534668524, 0.01749140629544854, -0.274210216361098, -0.37861702067311853, 0.757618023082614, 0.3601953125617001, 0.112312005716376, 0.2436402654275298, 0.6163937598466873, 0.1498443897580728, -0.22872160817496479, 0.10172596003394574, 0.32632607730920427, 0.2528249474707991, -0.0747798826196231, -0.25029079418163747, 0.10225666638871189, 0.1426257765851915, 0.22150904475711286, 0.008569538360461593, 0.5449745245277882, -0.13365094794426113, 0.003016499802470207, -0.40771431499160826, -0.34438299760222435, -0.4792088852263987, -0.2349774094473105, -0.21498934348346666, -0.273349468363449, 0.43775757326511666, -0.6697052984964103, -0.8416104195639491, 0.047852387026068754, -0.06826676678610966, 0.247592099418398, -0.4621942621888593, 0.2662978589651175, -0.20595574894105084, -0.056570806045783684, -0.19553111237473786, -0.12429786333814263, -0.008036041632294655, -0.08704597206087783, -0.3103067404299509, 0.39446897292509675, 0.26434920669998974, -0.1150834213476628, -0.293353890418075, -0.6813133517280221, -0.2352972193621099, 0.19919657154241577, 0.26792761619435623, 0.7001616995548829, -0.2578943580156192, 0.14807530595862772, 0.36624422355089337, -0.2522603457910009, -0.12432497547706589, 0.128449370036833, 0.09832818040740676]

People 12: 
Tresholds = 0.3760236963495845
Centroid = [-0.24540827886812622, -0.3086160854436457, -0.09596666815923527, -0.08097413287032396, -0.3964190789265558, -0.02627584064612165, -0.3154266299097799, -0.3453054407145828, 0.7783741867169738, 0.510626996983774, 0.07808387465775013, 0.18345733216847293, 0.678746746852994, -0.005118273518746719, -0.09243449592031538, -0.0010606886353343725, 0.4475490082986653, 0.35000906605273485, -0.09442741418024525, -0.1796710776980035, -0.05623263846791815, 0.05531040974892676, 0.2799377078190446, 0.0658449568800279, 0.5279311728663743, -0.13955302769318223, -0.13711600843816996, -0.5014885267009959, -0.3291982699010987, -0.30899863806553185, -0.3716301721869968, -0.09815433173207566, -0.3279450705740601, 0.31490849709371105, -0.6332765703555197, -0.9496018290519714, 0.03767603705637157, -0.172363227175083, 0.23429781408049166, -0.3650424730149098, 0.28785458020865917, -0.20643911720253527, -0.05541945970617235, -0.24850012373644859, -0.10342583095189184, -0.02251113229431212, -0.2104970578220673, -0.2926617425400764, 0.4009145055897534, 0.1846479614614509, -0.09781927894800901, -0.32508261216571555, -0.6538100661709905, -0.3121372063178569, 0.17095208834507503, 0.28165104327490553, 0.6597939343191683, -0.10029834627130185, 0.08570189750753343, 0.47104311862494797, -0.20201023522531614, -0.20329678419511765, 0.1254429945256561, 0.05070984907797538]

People 13: 
Tresholds = 0.5460998487472535
Centroid = [-0.27381526670069434, -0.31341414447524585, -0.04631257435539737, -0.03867777460254729, -0.20034151706204284, -0.06570372020360082, -0.30829669412923977, -0.4504790616920218, 0.7301619600038975, 0.4312139868561644, 0.09311740030534565, 0.24575290197390132, 0.5251704272814095, 0.07402546724188142, -0.23471648117993027, -0.026781557593494654, 0.3701930771348998, 0.1584401418804191, -0.11863992596045136, -0.19339263491565362, -0.019208045676350594, 0.15619423100724816, 0.24255763285327703, -0.06915640992519911, 0.48959909682162106, -0.11483686161227524, -0.06414075172506273, -0.5009687034180388, -0.38026452204212546, -0.4176557746832259, -0.4105892818188295, -0.12787886103615165, -0.2951181980315596, 0.2720544365583919, -0.624020166345872, -0.8282982595264912, 0.04689400759525597, -0.112631868745666, 0.25514309178106487, -0.39975533477263525, 0.19672242284286767, -0.20070843771100044, -0.04512578551657498, -0.2104078633710742, -0.21899136900901794, 0.034491869795601815, -0.2046388981398195, -0.3494615564122796, 0.42323586670681834, 0.23216957785189152, -0.18035876913927495, -0.2886528605595231, -0.7806696500629187, -0.16161280241794884, 0.14246371755143628, 0.11639673908939585, 0.5934332063188776, -0.12360806841752492, 0.07229917799122632, 0.43654628031072207, -0.26696867938153446, -0.1621280723484233, 0.01109668763820082, 0.06592974465456791]

People 14: 
Tresholds = 0.3839916534814984
Centroid = [-0.38654763577505946, -0.2873574328259565, -0.04044937185244635, -0.08438481367193162, -0.3583618633711012, -0.05257519439328462, -0.24365825619315729, -0.3154478654032573, 0.7670396403409541, 0.49142528817174025, 0.04512653476558626, 0.17102505432558246, 0.6475383597426116, 0.013623272418044508, -0.17007382423616946, 0.05704189225798473, 0.4510040651075542, 0.2369335195980966, -0.1455555294523947, -0.24220694502582774, 0.05642310413531959, 0.0546900425106287, 0.3617205824702978, 0.014619085821323097, 0.637903245864436, -0.1074451069580391, -0.16250705835409462, -0.5045594964176416, -0.3440462418657262, -0.40367343081743456, -0.35648732050321996, -0.08829899644479156, -0.3519135285168886, 0.40257851290516555, -0.7079741018824279, -0.8827920434996486, 0.08235197848989628, -0.06696231121895835, 0.13415680022444576, -0.28158500586869195, 0.19828969985246658, -0.17535769660025835, -0.09995242991135456, -0.3111172439530492, -0.1272807707428001, -0.003385559772141278, -0.17704281955957413, -0.35880798890138976, 0.3716909824870527, 0.22355476900702342, -0.15753027191385627, -0.4091833388665691, -0.7414439459098503, -0.2213549199514091, 0.20884227359783836, 0.31856388674350455, 0.7057170127518475, -0.10714655602350831, 0.11540272911952343, 0.39054800852318294, -0.1406006118049845, -0.11153404443757609, 0.1107984515838325, 0.05804494582116604]

People 15: 
Tresholds = 0.37315439017256724
Centroid = [-0.28340204357664334, -0.29899680672679096, -0.10750665952218696, -0.04206977621652186, -0.323095662301057, 0.029138720186892897, -0.21490886353421956, -0.34793219959829, 0.6698278640396893, 0.4379727697232738, -0.04203670972492546, 0.2521714514296036, 0.6980792693575495, -0.11434201517840847, -0.172003019368276, 0.04801084927748889, 0.38622751165530644, 0.37837774446234107, -0.0944325941381976, -0.28952820313861594, -0.06261540646664798, -0.04332100530155003, 0.25819674343802035, 0.009398006695846561, 0.5651304668281227, -0.14178240520413965, -0.15750303852837533, -0.4811149352462962, -0.31167623123474186, -0.2764532663859427, -0.2885106386092957, -0.15061461488949135, -0.30729363253340125, 0.36385244235862046, -0.6960305632092059, -0.8759997221641243, 0.043494211160577834, -0.04151479311985895, 0.2428827730473131, -0.43129899009363726, 0.27133221563417464, -0.20827833656221628, -0.07855907222256064, -0.23673449363559484, -0.13531999348197132, -0.050273117143660784, -0.21790901687927544, -0.23310699660214595, 0.33747175382450223, 0.2174839069484733, -0.07250195485539734, -0.2485531783895567, -0.6036399074364454, -0.15234419028274715, 0.14770173831493594, 0.2703666577581316, 0.7063829669496045, -0.20423512950947043, 0.151237492042128, 0.3248796541010961, -0.2384894416318275, -0.1090250423294492, 0.15181710728211328, 0.09130441187880933]

People 16: 
Tresholds = 0.3841785330191487
Centroid = [-0.17440577875822783, -0.29093776538502425, -0.07932461320888251, -0.07828842161688954, -0.2573759084334597, 0.033501904807053506, -0.2561123081832193, -0.3611836622003466, 0.6428327565081418, 0.3639342593960464, 0.060797559563070536, 0.23105452649178915, 0.5405511814169586, -0.043460284534376115, -0.09886647760868073, 0.030567599344067276, 0.37050843876204453, 0.27684721210971475, -0.029208494001068175, -0.250837431056425, -0.07704721241316292, 0.1383604216389358, 0.17018916178494692, 0.020476403296925128, 0.5075031302403659, -0.11534630146343261, -0.10231573192140786, -0.449777101399377, -0.324548664764734, -0.3733493132167496, -0.2812401341216173, -0.20630864100530744, -0.32601526216603816, 0.3428012036602013, -0.7220269870012999, -0.84733258606866, 0.05283798135496909, -0.0870211748406291, 0.2271420108154416, -0.34634437190834433, 0.24483791214879602, -0.22824942413717508, -0.0421758106094785, -0.20962519897148013, -0.09302941267378628, 0.023540854454040527, -0.1889703832566738, -0.35396898264298216, 0.36734334472566843, 0.1871391399181448, -0.08262977376580238, -0.3378225203487091, -0.7092531587695703, -0.200183788780123, 0.22889800916891545, 0.2632914441055618, 0.688337404280901, -0.11180726554084686, 0.15904939522442874, 0.4273771862790454, -0.14884949469706044, -0.16802779404679313, 0.04652832279680297, 0.0059030398551840335]

